00000000000000000000000000000000000000000000000000000000000000000000000000000000
00000000000000000000000000000000000000000000001001000000000000000000000000000000
00000000000000000000000110000000010101110101100000010010000000100000000000000000
00001000001101001001010101000101011100010011000000000000000000000000000000000000
00000000000010000100100100000000000000000110000110000000100000000010000000000000
00000000000000000000000011000010101010101000000000000000000000000000000000000000
00000000000000000010000000000000000000000000000000100000000000001000000000000000
00000000000000000000000000000000000000000000000100000000000000000010000000000000
00000000000000000000000000110000000000000100000000000000010000000000000000000010
00000000000000000000000000000000001000000000000000000000000000000000000000000000
00000000000010000000000000000000000000000000000000000000000001000000000000000001
00000000000000000000000000000000000000000000000000000000110000000000000000000010
00000000000000000000000000000000000010000000000000000000000000000000000000000000
00000000000000000000000000000000000000000000000000000000000000000000000000000000
00000000000000000000011100000000000000000001000000000000000000000000000000000000
00000000000000000000000100000000000000100000000000000000000000000000000000000000
00000000000000000000000100000000000000000000000000000000000000000000000000000000
00000000000000000000000110000000000000000000000000000000000000000000000000000000
00000000000000000000000000000000000000000000000000000000000000000000000000000000
00000000000000000000000000000000000000000000000000000000000000000000000000000000
00000000000000000000000000000000000000000000000000000000000000000000000000000000
00000000000000000000000000000000000000000000000000000000000000000000000000000000
00000000000000000000000000000000000000000000000000000000000000000000000000000000
00000000000000000000000000000000000000000000000000000000000000000000000000000000
00000000000000000000000000000000000000000000000000000000000000000000000000000000

